0
0.002055
0.00411
0.006165
0.00822
0.010275
0.012329999999999999
0.014384999999999998
0.01644
0.018495
0.020550000000000002
0.022605000000000004
0.024660000000000005
0.026715000000000006
0.028770000000000007
0.03082500000000001
0.032880000000000006
0.03493500000000001
0.03699000000000001
0.03904500000000001
0.04110000000000001
0.04315500000000001
0.045210000000000014
0.047265000000000015
0.04932000000000002
0.05137500000000002
0.05343000000000002
0.05548500000000002
0.05754000000000002
0.05959500000000002
0.061650000000000024
0.06370500000000003
0.06576000000000003
0.06781500000000003
0.06987000000000003
0.07192500000000003
0.07398000000000003
0.07603500000000003
0.07809000000000003
0.08014500000000004
0.08220000000000004
0.08425500000000004
0.08631000000000004
0.08836500000000004
0.09042000000000004
0.09247500000000004
0.09453000000000004
0.09658500000000005
0.09864000000000005
0.10069500000000005
0.10275000000000005
0.10480500000000005
0.10686000000000005
0.10891500000000005
0.11097000000000005
0.11302500000000006
0.11508000000000006
0.11713500000000006
0.11919000000000006
0.12124500000000006
0.12330000000000006
0.12535500000000005
0.12741000000000005
0.12946500000000005
0.13152000000000005
0.13357500000000005
0.13563000000000006
0.13768500000000006
0.13974000000000006
0.14179500000000006
