0
4.4652254649990574e-08
8.930450929998115e-08
1.338557714798963e-07
1.7820488608517997e-07
2.2225317020023248e-07
2.6590849186553623e-07
3.090889933229719e-07
3.5172563374107964e-07
3.937633264344335e-07
4.3516079019643895e-07
4.7588944459247266e-07
5.159317392158432e-07
5.552792697556965e-07
5.939217109270758e-07
6.318597319183256e-07
6.691046252527404e-07
7.056715621663988e-07
7.415783223674174e-07
7.768447920065223e-07
8.114920493767675e-07
8.455418144430448e-07
8.790165126189668e-07
9.119389544489327e-07
9.443324463657626e-07
9.762193112276415e-07
1.0076205657345049e-06
1.0385474923572605e-06
1.0690136823391168e-06
1.0990400659994548e-06
1.128646747668826e-06
1.1578527826603774e-06
1.1866766485142252e-06
1.2151360579957887e-06
1.2432478218211258e-06
1.2710278016865532e-06
1.29849097564398e-06
1.3256513508040267e-06
1.352522149325913e-06
1.3791161234484538e-06
1.4054457534079594e-06
1.4315233298042993e-06
1.4573609427473406e-06
1.4829702819074706e-06
1.508362609248071e-06
1.5335488059321262e-06
1.5585394087544906e-06
1.583344641515838e-06
1.6079744351528365e-06
1.6324384112180321e-06
1.6567458690457519e-06
1.680905875744566e-06
1.7049273565215683e-06
1.7288191403920052e-06
1.7525899817535105e-06
1.7762485458076796e-06
1.7998033784567673e-06
1.8232628929325628e-06
1.8466353769563422e-06
1.8699290844155416e-06
1.8931523037247055e-06
1.9163131521338727e-06
1.939419642341617e-06
1.962479805479499e-06
1.985501873487913e-06
2.0084941668977284e-06
2.031459548330942e-06
2.0544012193462625e-06
2.0773214524784422e-06
2.100222522226e-06
2.1231070300355092e-06
2.1459778984759245e-06
2.168838332678302e-06
2.1916914559614185e-06
2.214540203005272e-06
2.2373869451150655e-06
2.2602333581183573e-06
2.283080782814967e-06
2.305930127084343e-06
2.328782013373961e-06
2.351637220269625e-06
2.37449672132847e-06
2.397361501617809e-06
2.420232140035066e-06
2.4431074430456427e-06
2.4659870052108226e-06
2.488871198761345e-06
2.5117608718744246e-06
2.5346571059688945e-06
2.55756115405316e-06
2.5804763626909575e-06
2.6034041520201096e-06
2.6263441328968425e-06
2.649289839449477e-06
2.6722417493008235e-06
2.6952009095390474e-06
2.718169192198022e-06
2.741148292068683e-06
2.764138922208804e-06
2.787141966514201e-06
2.810158357832838e-06
2.8331890808228527e-06
2.8562351459177473e-06
2.8792978601334343e-06
2.9023782506045567e-06
2.9254718424988972e-06
2.9485769810942835e-06
2.971694586022464e-06
2.9948218039063444e-06
3.0179506399119143e-06
3.041076714071078e-06
3.0642013279158134e-06
3.0873171446998347e-06
3.1104243312989084e-06
3.133525198636039e-06
3.1566220813350663e-06
3.1797170883860636e-06
3.2028119099021023e-06
3.2259022077574935e-06
3.2489833353929296e-06
3.272056855351073e-06
3.295124760743565e-06
3.3181890311928363e-06
3.3412500760234034e-06
3.3643023694815684e-06
3.3873472605980265e-06
3.4103866159365375e-06
3.4334223020195595e-06
3.4564559833053363e-06
3.479486916518783e-06
3.5025072812017763e-06
3.525518516018012e-06
3.5485228467871804e-06
3.5715226162767078e-06
3.5945200225869227e-06
3.617513519006237e-06
3.6404986027008727e-06
3.66347617277753e-06
3.6864478344722014e-06
3.7094153866241935e-06
3.732378582428153e-06
3.755331852713481e-06
3.7782764564442345e-06
3.801214203103452e-06
3.824147250084015e-06
3.84707768329092e-06
3.870007387431578e-06
3.89293001361094e-06
3.915844067325755e-06
3.938750801532256e-06
3.961652211570073e-06
3.984550489270707e-06
4.0074457179988065e-06
4.030333709251218e-06
4.053215432558205e-06
4.076092280970619e-06
4.0989660700666615e-06
4.121838682970383e-06
4.144709992986737e-06
4.167573491045749e-06
4.190430349007181e-06
4.213282442737473e-06
4.236132040257233e-06
4.2589814560146095e-06
4.281832757988282e-06
4.304680790219114e-06
4.327524469887014e-06
4.3503649942460535e-06
4.37320430110899e-06
4.39604433430708e-06
4.4188852882523745e-06
4.4417226906912595e-06
4.464557850416522e-06
4.487392566138516e-06
4.510229036891989e-06
4.533069296340391e-06
4.555915108887789e-06
4.578764155579972e-06
4.601612521907341e-06
4.624461859698483e-06
4.6473143401184596e-06
4.670172135066457e-06
4.69303729714736e-06
4.7159116886007e-06
4.738792351628703e-06
4.76167880557963e-06
4.784572703538304e-06
4.807475810664242e-06
4.830389836847754e-06
4.853316407016056e-06
4.8762559998860316e-06
4.899209145459596e-06
4.922176293206183e-06
4.945157997890777e-06
4.9681559938325886e-06
4.991171146830918e-06
5.014204408644304e-06
5.03725852698261e-06
5.060335406480655e-06
5.083436591006997e-06
5.106563416370615e-06
5.129716157655954e-06
5.152896599594311e-06
5.176107239750168e-06
5.19935040796911e-06
5.222628493998354e-06
5.24594418184615e-06
5.269300546369186e-06
5.292700426951579e-06
5.3161468081026945e-06
5.3396427780829496e-06
5.36319156081888e-06
5.386796593505533e-06
5.410461555188711e-06
5.434190375725034e-06
5.457987242695239e-06
5.48185663558877e-06
5.505803289284415e-06
5.529832159220323e-06
5.55394838900222e-06
5.578157889944153e-06
5.602466968383762e-06
5.626881726115163e-06
5.65140621169821e-06
5.676042133387881e-06
5.700795270621883e-06
5.725671454761631e-06
5.750625693402298e-06
5.7756023775737385e-06
5.8006018327205284e-06
5.82562436023609e-06
5.850668991756577e-06
5.875735140528114e-06
5.900823171739163e-06
5.925933432058867e-06
5.95106624608388e-06
5.9762219117160546e-06
6.0014007183198635e-06
6.026602887405867e-06
6.051828655511542e-06
6.077078316024363e-06
6.102352215122425e-06
6.127650777576774e-06
6.152974454161665e-06
6.178323665096349e-06
6.2036987922444735e-06
6.229099511404474e-06
6.254524238467193e-06
6.279973389458691e-06
6.305447420125796e-06
6.3309467742978814e-06
6.3564718749412055e-06
6.382023129680822e-06
6.4076009355937235e-06
6.4332057039974335e-06
6.458837841536002e-06
6.484497756582365e-06
6.510185858571459e-06
6.535902561421386e-06
6.561648287526629e-06
6.5874234716186796e-06
6.6132284978956696e-06
6.639060836544602e-06
6.664920949443649e-06
6.6908093063359265e-06
6.716726388628001e-06
6.742672692706619e-06
6.768648732390688e-06
6.794655040230709e-06
6.820692167507011e-06
6.846760683195999e-06
6.8728611715073725e-06
6.898994228050397e-06
6.9251604553717784e-06
6.951360458510496e-06
6.97759484115193e-06
7.003864202800381e-06
7.0301659259749485e-06
7.056499897640316e-06
7.082866765176042e-06
7.109267176000838e-06
7.13570177562286e-06
7.162171206895029e-06
7.188676110669442e-06
7.215217127896202e-06
7.241794903053775e-06
7.26841008864562e-06
7.295063350369706e-06
7.321755372478967e-06
7.348486862813374e-06
7.37525855701801e-06
7.402071221823653e-06
7.428925116470741e-06
7.455816850091484e-06
7.4827472025513976e-06
7.509716982599929e-06
7.536727029886158e-06
7.56377821545151e-06
7.590871440700173e-06
7.6180076350071155e-06
7.645187752270457e-06
7.67241276684026e-06
7.699683669335547e-06
7.72700146289016e-06
7.754367160336679e-06
7.781781782745097e-06
7.809246359585805e-06
7.836761898114156e-06
7.864323681030517e-06
7.891932786357269e-06
7.919590301242818e-06
7.947297323098991e-06
7.975054961548383e-06
8.002864341518755e-06
8.030726607267377e-06
8.058642926840265e-06
8.086614496334663e-06
8.114642543295276e-06
8.142728328616221e-06
8.170873146362704e-06
8.199078321307661e-06
8.227345204137703e-06
8.255675164407282e-06
8.284065425024994e-06
8.312514536205144e-06
8.341023869670846e-06
8.369594814111286e-06
8.398228767857093e-06
8.426927130064328e-06
8.455691290948858e-06
8.484490243643981e-06
8.513285979588748e-06
8.542081879154482e-06
8.570879304161602e-06
8.599679872498714e-06
8.628481239010592e-06
8.657284941471558e-06
8.686090730532375e-06
8.714898681546353e-06
8.743709577883665e-06
8.77252407426764e-06
8.801343224396001e-06
8.83016853551716e-06
8.858997611609043e-06
8.887830765316425e-06
8.91666962453102e-06
8.945515873505599e-06
8.974366901479526e-06
9.003223767650082e-06
9.03208823505992e-06
9.060961203331868e-06
9.089839349473823e-06
9.118723862088916e-06
9.147617034533391e-06
9.17652042480159e-06
9.205430353894672e-06
9.23434804208977e-06
9.263275516864888e-06
9.292212869840607e-06
9.32115719991137e-06
9.350110167062828e-06
9.379073935979317e-06
9.408049934373138e-06
9.437033991009339e-06
9.46602738511296e-06
9.495032117896385e-06
9.52404804860396e-06
9.553072752048031e-06
9.582107877891693e-06
9.611155229279924e-06
9.640215290271895e-06
9.669284599151893e-06
9.698364499121225e-06
9.727456664027789e-06
9.756561403335559e-06
9.785676377124612e-06
9.814803124357179e-06
9.843942866154684e-06
9.873096496410892e-06
9.902260777762577e-06
9.931436962029652e-06
9.960626217309762e-06
9.989830022541304e-06
1.001904560238831e-05
1.0048274221932682e-05
1.0077516689405849e-05
1.0106774441860333e-05
1.0136044418407867e-05
1.0165327274644502e-05
1.0194624119329756e-05
1.0223936621165472e-05
1.0253264184275277e-05
1.0282605675436922e-05
1.0311961836446867e-05
1.0341334148490983e-05
1.0370721818781705e-05
1.0400123614084211e-05
1.0429540601059269e-05
1.0458974540628594e-05
1.0488427570873325e-05
1.0517896351683325e-05
1.0547380985785249e-05
1.0576883100779264e-05
1.0606404677357687e-05
1.0635943408090071e-05
1.0665498883904586e-05
1.0695072967726445e-05
1.0724667725756563e-05
1.0754284780357559e-05
1.0783919324450314e-05
1.0813573061756288e-05
1.0843247890185039e-05
1.0872945907534988e-05
1.090266375524886e-05
1.093240199505395e-05
1.096216249933247e-05
1.0991947320523026e-05
1.1021753231769182e-05
1.1051579933102467e-05
1.1081429281670127e-05
1.1111303326725434e-05
1.1141197592122008e-05
1.1171113655717364e-05
1.120105327089254e-05
1.1231013015995758e-05
1.1260993212084753e-05
1.1290994197967535e-05
1.1321014267326035e-05
1.1351054136270152e-05
1.138111190022165e-05
1.1411188081143614e-05
1.1441280855191494e-05
1.1471391156034133e-05
1.1501519704581847e-05
1.1531664851163998e-05
1.1561827062326833e-05
1.1592007046918874e-05
1.1622203292291726e-05
1.165241565737952e-05
1.1682645172845267e-05
1.1712892583715983e-05
1.1743157469487807e-05
1.1773438998651681e-05
1.1803738004945503e-05
1.1834054927397443e-05
1.1864390119756414e-05
1.1894742503374431e-05
1.1925112178553644e-05
1.1955499564317561e-05
1.198590521464778e-05
1.2016329774740349e-05
1.2046774378531025e-05
1.2077238520350987e-05
1.2107720463738598e-05
1.2138220865249605e-05
1.2168741123231496e-05
1.2199282812878547e-05
1.2229846609108013e-05
1.226042950318446e-05
1.2291033033715796e-05
1.2321659092077061e-05
1.2352309287076979e-05
1.2382985493074245e-05
1.241368634136535e-05
1.2444410467527904e-05
1.2475159535798224e-05
1.2505935652210218e-05
1.2536741497587164e-05
1.2567577104511596e-05
1.2598439332315272e-05
1.2629330604106476e-05
1.2660254003977396e-05
1.269121349988248e-05
1.2722210539685862e-05
1.2753238695193209e-05
1.278430147454633e-05
1.2815403088839788e-05
1.284654865609556e-05
1.287774435249378e-05
1.2908981220897915e-05
1.2940260437820237e-05
1.2971587486665264e-05
1.300296914373695e-05
1.3034413814381503e-05
1.3065921831140421e-05
1.3097481977410917e-05
1.312910280539486e-05
1.3160793289360399e-05
1.3192477636444493e-05
1.3224148023924175e-05
1.3255806633159355e-05
1.3287455008864394e-05
1.331909390859355e-05
1.335072385920735e-05
1.3382345897049967e-05
1.3413957353822137e-05
1.3445552916095015e-05
1.3477133511983023e-05
1.3508700994142202e-05
1.3540258294757952e-05
1.3571807511148592e-05
1.360335022709281e-05
1.3634887172277777e-05
1.366641929962519e-05
1.3697946928073694e-05
1.3729470027317672e-05
1.376098798907278e-05
1.3792499104482859e-05
1.3824002368351646e-05
1.3855499224933772e-05
1.3886988290131102e-05
1.3918470517525552e-05
1.3949947587017568e-05
1.398142123928467e-05
1.4012892555921692e-05
1.404436221128012e-05
1.4075830759033997e-05
1.4107298722971619e-05
1.4138766334377802e-05
1.4170233551664487e-05
1.4201700039290421e-05
1.4233165524318267e-05
1.4264629517469643e-05
1.4296091965846217e-05
1.4327553208654059e-05
1.4359013993724727e-05
1.4390475385380769e-05
1.4421938013416276e-05
1.4453402250668755e-05
1.4484868532303924e-05
1.4516337585271447e-05
1.4547809879441066e-05
1.4579285740706675e-05
1.4610765242819621e-05
1.4642248336304679e-05
1.4673735030188622e-05
1.4705225369866746e-05
1.4736719518702009e-05
1.4768217799895039e-05
1.4799720517004962e-05
1.4831227967656814e-05
1.4862740351533408e-05
1.4894257952406773e-05
1.4925781139735666e-05
1.4957310360812858e-05
1.498884604220153e-05
1.5020388557902464e-05
1.5051937727674816e-05
1.5083493942954255e-05
1.5115057637222616e-05
1.5146629194267961e-05
1.5178208968592114e-05
1.5209797283776334e-05
1.5241394444154407e-05
1.5273000695355453e-05
1.53046158182272e-05
1.5336240059225133e-05
1.536787360926921e-05
1.5399516691456933e-05
1.543116955552951e-05
1.5462832489746547e-05
1.5494505855712954e-05
1.552618989409996e-05
1.5557884777780264e-05
1.558959063642144e-05
1.5621307509568328e-05
1.5653035504596473e-05
1.5684774793610818e-05
1.5716525575968163e-05
1.574828807063749e-05
1.5780062504277346e-05
1.581184904433936e-05
1.5843647911450074e-05
1.5875459279694333e-05
1.5907283213006973e-05
1.5939119774741894e-05
1.5970969051695714e-05
1.6002831130751018e-05
1.6034706101130107e-05
1.606659406061516e-05
1.60984951589916e-05
1.6130409571186417e-05
1.6162337467735206e-05
1.6194278950694342e-05
1.622623410819999e-05
1.6258202494920272e-05
1.6290183917334915e-05
1.63221782625215e-05
1.635418541105038e-05
1.6386205249413537e-05
1.641823768400243e-05
1.6450282652594178e-05
1.6482340130873088e-05
1.6514410129788276e-05
1.6546492688054234e-05
1.6578587861149492e-05
1.661069534937562e-05
1.664281502012479e-05
1.667494684816161e-05
1.670709078169615e-05
1.673924674615862e-05
1.677141464844693e-05
1.6803594385320658e-05
1.6835785850983575e-05
1.6867988941403916e-05
1.6900203561913996e-05
1.693242964102772e-05
1.6964667130221622e-05
1.6996915971218654e-05
1.7029176143413727e-05
1.706144767120313e-05
1.7093730598748574e-05
1.7126024967725273e-05
1.715833083234646e-05
1.719064825178644e-05
1.7222977250389636e-05
1.7255317820012834e-05
1.7287669928858714e-05
1.7320033226000646e-05
1.735240740160934e-05
1.738479239691737e-05
1.7417188165897973e-05
1.7449594696544066e-05
1.748201199422041e-05
1.751444007656086e-05
1.7546878962157735e-05
1.7579328682493463e-05
1.7611789290083915e-05
1.7644260840164066e-05
1.7676726276550007e-05
1.7709182211698084e-05
1.7741628639626247e-05
1.7774065540408156e-05
1.7806492887109072e-05
1.783891065679458e-05
1.787131884475058e-05
1.790371746290053e-05
1.7936106553859038e-05
1.7968485710638194e-05
1.800085495950621e-05
1.8033214346307927e-05
1.8065563942763633e-05
1.80979038565949e-05
1.813023421888741e-05
1.8162555161445867e-05
1.8194866813087263e-05
1.8227164251750446e-05
1.8259444670224947e-05
1.8291708432889925e-05
1.832395590183152e-05
1.835618745263588e-05
1.838840345126135e-05
1.8420603356208714e-05
1.8452787544191386e-05
1.8484956382143705e-05
1.8517110239496784e-05
1.854924947264269e-05
1.8581373690187417e-05
1.8613483249655613e-05
1.864557849365095e-05
1.867765975987685e-05
1.8709727398506547e-05
1.8741781424527806e-05
1.8773821992089136e-05
1.8805849423739795e-05
1.8837864036620405e-05
1.886986615466098e-05
1.8901856113728487e-05
1.893383423212936e-05
1.8965800560193724e-05
1.899775541275523e-05
1.9029699104532996e-05
1.906163196809594e-05
1.9093554358738813e-05
1.9125466652054246e-05
1.9157369238908878e-05
1.9189262330640286e-05
1.9221146171158776e-05
1.925302112741772e-05
1.9284887555343833e-05
1.9316745812993235e-05
1.9348596262300265e-05
1.9380439271399644e-05
1.9412275209844836e-05
1.9444104440542476e-05
1.9475927262840756e-05
1.9507743841294333e-05
1.9539554525794424e-05
1.957135965940362e-05
1.9603159575956343e-05
1.963495459979921e-05
1.9666745049123282e-05
1.9698531238516793e-05
1.97303134800169e-05
1.9762092082910316e-05
1.979386735223283e-05
1.9825639584564978e-05
1.985740906967873e-05
1.9889176177603727e-05
1.9920941157303884e-05
1.9952704325765704e-05
1.9984465928562266e-05
2.001622611254147e-05
2.004798506957959e-05
2.0079743075240942e-05
2.011150045165424e-05
2.014325742264761e-05
2.0175014143333557e-05
2.020677083799756e-05
2.0238527763021424e-05
2.027028519209926e-05
2.0302043410810353e-05
2.033380255968145e-05
2.0365562528531937e-05
2.0397323566429768e-05
2.0429085950105872e-05
2.046084994332207e-05
2.0492615756118982e-05
2.0524383285570954e-05
2.0556152799190846e-05
2.058792454718409e-05
2.0619698785274003e-05
2.0651475758064454e-05
2.068325552767269e-05
2.0715037912817983e-05
2.074682315421387e-05
2.077861148629224e-05
2.081040314162726e-05
2.0842198353743788e-05
2.087399519142533e-05
2.090579119099998e-05
2.0937586405848663e-05
2.096938092187468e-05
2.10011749469903e-05
2.1032968690381955e-05
2.1064762324896e-05
2.1096555650732165e-05
2.112834881898006e-05
2.116014198851963e-05
2.1191935265123717e-05
2.1223728725727405e-05
2.125552249876885e-05
2.1287316741104507e-05
2.1319111593354695e-05
2.135090719237943e-05
2.1382703696245395e-05
2.1414501293834058e-05
2.144630018970651e-05
2.1478100586815166e-05
2.1509902646505735e-05
2.1541706492770928e-05
2.1573512222094345e-05
2.160531985563306e-05
2.1637129356113362e-05
2.1668940790001532e-05
2.1700754222936556e-05
2.1732569705758078e-05
2.1764387360234072e-05
2.1796207312198444e-05
2.1828029708149073e-05
2.185985464986467e-05
2.1891682251066366e-05
2.1923512643303133e-05
2.1955345940377495e-05
2.1987182247980712e-05
2.2019021673073167e-05
2.20508643309263e-05
2.2082710333431513e-05
2.2114559789343605e-05
2.214641281026671e-05
2.2178269514462465e-05
2.2210130024091556e-05
2.2241994463495556e-05
2.2273862961149867e-05
2.2305735650974813e-05
2.2337612671376197e-05
2.2369494069697842e-05
2.2401379781728626e-05
2.2433269940379084e-05
2.246516468023251e-05
2.2497064137414023e-05
2.252896844828406e-05
2.2560877748253767e-05
2.2592792171698698e-05
2.262471185212918e-05
2.2656636921583896e-05
2.2688567509289772e-05
2.2720503740284826e-05
2.2752445734413085e-05
2.278439360560343e-05
2.2816347461300932e-05
2.2848307402160657e-05
2.288027352219728e-05
2.2912245909444748e-05
2.294422440922568e-05
2.2976209099355277e-05
2.3008200062627418e-05
2.3040197377846624e-05
2.3072201121141414e-05
2.3104211367480868e-05
2.3136228192111637e-05
2.3168251671746386e-05
2.3200281885509927e-05
2.3232318915700486e-05
2.3264362848334884e-05
2.329641377334677e-05
2.3328471784307358e-05
2.3360536977634392e-05
2.339260945135806e-05
2.3424689303551898e-05
2.3456776630521646e-05
2.3488871524831967e-05
2.352097407327747e-05
2.3553084354954523e-05
2.358520243962029e-05
2.361732838650755e-05
2.3649462243706917e-05
2.368160404816246e-05
2.3713753826276074e-05
2.3745911595082386e-05
2.3778077363928464e-05
2.381025113656311e-05
2.384243291351654e-05
2.3874622694626574e-05
2.3906820481626892e-05
2.393902628063787e-05
2.3971240104768094e-05
2.4003461976329276e-05
2.4035691929900037e-05
2.4067930013673425e-05
2.410017629429037e-05
2.413243085783739e-05
2.4164693794090064e-05
2.419696523004478e-05
2.4229245219311878e-05
2.4261533772115612e-05
2.4293830773810435e-05
2.4326136182859207e-05
2.435844891588646e-05
2.4390762388257294e-05
2.4423076694102834e-05
2.445539178221369e-05
2.44877076718894e-05
2.4520024438027162e-05
2.4552342153552752e-05
2.458466089566054e-05
2.461698073094493e-05
2.464930170880888e-05
2.4681623887193026e-05
2.4713947342004883e-05
2.4746270488955036e-05
2.4778591149230382e-05
2.481090960289332e-05
2.484322612743226e-05
2.487554100507058e-05
2.490785406832702e-05
2.4940165656880278e-05
2.4972476103196056e-05
2.500478574999385e-05
2.503709490180232e-05
2.506940381869352e-05
2.5101712697161076e-05
2.5134021640563992e-05
2.5166330726912724e-05
2.5198640126344104e-05
2.5230949995443528e-05
2.5263260472725716e-05
2.529557168742995e-05
2.53278837520163e-05
2.536019681592165e-05
2.539251103472232e-05
2.5424826554236604e-05
2.545714349271639e-05
2.5489461957202793e-05
2.5521782044085474e-05
2.555410383561092e-05
2.558642739936365e-05
2.5618752796456798e-05
2.565108009082655e-05
2.5683409290485128e-05
2.5715740353771833e-05
2.5748073373701332e-05
2.578040843005091e-05
2.5812745589384855e-05
2.5845084909323876e-05
2.5877426444688325e-05
2.5909770255435645e-05
2.5942116404324666e-05
2.5974464955715584e-05
2.6006815973669307e-05
2.6039169519874452e-05
2.607152564504131e-05
2.610388440605301e-05
2.613624584593056e-05
2.6168609994710018e-05
2.6200976858810747e-05
2.6233346439960027e-05
2.6265718742916515e-05
2.6298093776224668e-05
2.6330470034076186e-05
2.6362843561515385e-05
2.6395214307021867e-05
2.6427582226612442e-05
2.6459947296045455e-05
2.6492309520745842e-05
2.6524668916716026e-05
2.6557025493807806e-05
2.6589379262062242e-05
2.6621730228377083e-05
2.665407838582026e-05
2.6686423717663788e-05
2.6718766202046123e-05
2.6751105813001192e-05
2.678344252379546e-05
2.681577632026843e-05
2.6848107205508608e-05
2.6880435189316716e-05
2.6912760289692225e-05
2.694508252738264e-05
2.6977401922353827e-05
2.7009718489490365e-05
2.704203223731903e-05
2.7074343168986522e-05
2.7106651284742558e-05
2.7138956584834317e-05
2.717125907207391e-05
2.720355875375929e-05
2.723585564294482e-05
2.726814975890402e-05
2.7300441126389607e-05
2.7332729773736855e-05
2.736501573034764e-05
2.739729902423083e-05
2.742957968015851e-05
2.746185771874745e-05
2.7494133156504176e-05
2.752640600666257e-05
2.7558676280552615e-05
2.7590943989233406e-05
2.76232091451266e-05
2.765547176338758e-05
2.768773186275162e-05
2.7719989465651195e-05
2.775224459762154e-05
2.7784497286223905e-05
2.781674755991267e-05
2.784899544711271e-05
2.788124097575912e-05
2.7913484173242733e-05
2.7945725066402153e-05
2.7977963639476517e-05
2.801019985824753e-05
2.804243374895286e-05
2.807466533727296e-05
2.8106894648441946e-05
2.8139121707767128e-05
2.817134654060249e-05
2.8203569172626505e-05
2.8235789630746277e-05
2.826800794272463e-05
2.830022413705087e-05
2.8332438244336734e-05
2.836465029550097e-05
2.8396860321225475e-05
2.842906835234449e-05
2.846127442280036e-05
2.8493478565086386e-05
2.8525680810795277e-05
2.855788119160058e-05
2.8590079739581907e-05
2.8622276489583173e-05
2.8654471468240717e-05
2.8686664701959472e-05
2.8718856218067867e-05
2.8751046044682572e-05
2.8783234210573016e-05
2.8815420741893282e-05
2.8847605672827295e-05
2.887978904169233e-05
2.8911970887349603e-05
2.8944151248185325e-05
2.8976330162064824e-05
2.900850766645936e-05
2.904068379647622e-05
2.907285858557428e-05
2.9105032069347808e-05
2.9137204285898235e-05
2.916937527498225e-05
2.9201545076909536e-05
2.923371373173681e-05
2.9265881279158866e-05
2.9298047759674043e-05
2.9330213208749293e-05
2.936237757458737e-05
2.939454087815615e-05
2.9426703158084285e-05
2.945886445297197e-05
2.949102480017726e-05
2.952318423677497e-05
2.9555342799360272e-05
2.958750052417025e-05
2.961965744769787e-05
2.965181360427195e-05
2.9683969027182752e-05
2.9716123750160162e-05
2.974827780765474e-05
2.9780431234663836e-05
2.9812584066358583e-05
2.9844736336765806e-05
2.987688808020945e-05
2.990903933036924e-05
2.9941190120364517e-05
2.9973340482798303e-05
3.0005490449770773e-05
3.0037640052713924e-05
3.0069789322468287e-05
3.010193828944267e-05
3.0134086978543352e-05
3.016623536563188e-05
3.0198383483988896e-05
3.0230531370245975e-05
3.026267905673393e-05
3.0294826571865615e-05
3.032697394599545e-05
3.0359121204759776e-05
3.039126837186551e-05
3.0423415471944056e-05
3.0455562530238813e-05
3.0487709568221723e-05
3.051985661211079e-05
3.0552003684537066e-05
3.058415080877731e-05
3.0616298008049206e-05
3.064844530345804e-05
3.068059271561226e-05
3.0712740264760894e-05
3.074488797063568e-05
3.077703585297918e-05
3.080918393239129e-05
3.0841332230201234e-05
3.0873480768420965e-05
3.0905629569829445e-05
3.0937778657862355e-05
3.096992805641317e-05
3.100207778951276e-05
3.10342278809436e-05
3.106637835387345e-05
3.109852923056916e-05
3.1130680532246687e-05
3.1162832279013303e-05
3.119498448961956e-05
3.122713718228773e-05
3.1259290374962594e-05
3.129144408556068e-05
3.1323598332158225e-05
3.135575313309764e-05
3.138790850701915e-05
3.142006447283181e-05
3.1452221049633726e-05
3.148437825659379e-05
3.1516536112819815e-05
3.154869463724458e-05
3.1580853848555376e-05
3.1613013765177946e-05
3.164517440531044e-05
3.167733578699439e-05
3.170949792820826e-05
3.174166084697221e-05
3.177382456145553e-05
3.180598909007849e-05
3.183815445159825e-05
3.187032066516887e-05
3.1902487750369926e-05
3.1934655727203984e-05
3.196682461606743e-05
3.199899443770052e-05
3.203116521312097e-05
3.206333696354301e-05
3.209550971028161e-05
3.212768347464034e-05
3.215985827778113e-05
3.219203414057505e-05
3.222421108343543e-05
3.225638912613752e-05
3.2288568287632074e-05
3.2320748585862815e-05
3.2352930037599097e-05
3.238511265829525e-05
3.241729645187557e-05
3.2449481413984334e-05
3.248166755592902e-05
3.2513854888286984e-05
3.2546043420809005e-05
3.257823316230971e-05
3.261042412056061e-05
3.2642616302201584e-05
3.267480971268488e-05
3.270700435626202e-05
3.27392002360187e-05
3.277139735395707e-05
3.280359571111869e-05
3.2835795307736165e-05
3.286799614341155e-05
3.2900198217302455e-05
3.2932401528263305e-05
3.2964606075077215e-05
3.299681185649376e-05
3.302901887104392e-05
3.3061227116868905e-05
3.309343659204341e-05
3.3125647293581974e-05
3.3157859217229925e-05
3.319007235865852e-05
3.322228671372421e-05
3.325450227865483e-05
3.328671905019247e-05
3.331893702566077e-05
3.335115620253714e-05
3.338337657844921e-05
3.3415598152881275e-05
3.344782092577606e-05
3.34800448972904e-05
3.351227006795852e-05
3.354449643772828e-05
3.357672400742867e-05
3.3608952778436206e-05
3.364118275241251e-05
3.367341393108387e-05
3.370564631605256e-05
3.3737879908633625e-05
3.3770114709731714e-05
3.3802350719781084e-05
3.383458793871277e-05
3.3866826365875357e-05
3.389906600227963e-05
3.393130684798502e-05
3.396354890315493e-05
3.399579216472653e-05
3.402803662617728e-05
3.406028227803887e-05
3.409252910991703e-05
3.412477710994678e-05
3.415702626741784e-05
3.418927657042682e-05
3.4221528006060406e-05
3.425378056039547e-05
3.4286034218710185e-05
3.4318288965542906e-05
3.435054478469915e-05
3.4382801659254906e-05
3.441505957159259e-05
3.444731850343351e-05
3.4479578396389316e-05
3.4511839211371424e-05
3.454410092715415e-05
3.457636352215427e-05
3.4608626974454496e-05
3.464089126182229e-05
3.467315636172601e-05
3.4705422253807705e-05
3.4737688917229636e-05
3.476995632995598e-05
3.480222446910774e-05
3.483449331121426e-05
3.486676283240454e-05
3.489903300856306e-05
3.4931303815463816e-05
3.4963575228890186e-05
3.4995847224742916e-05
3.502811977913576e-05
3.506039286847708e-05
3.509266646953595e-05
3.512494055949151e-05
3.515721511596504e-05
3.518949011703395e-05
3.522176554122708e-05
3.525404136749992e-05
3.528631757518711e-05
3.531859414393019e-05
3.5350871053583116e-05
3.5383148284105206e-05
3.541542578495772e-05
3.544770349161455e-05
3.5479981385593305e-05
3.5512259449442726e-05
3.55445376664751e-05
3.5576816020229036e-05
3.56090944955344e-05
3.564137307699435e-05
3.567365174779955e-05
3.5705930489515304e-05
3.573820928207933e-05
3.5770488104711995e-05
3.580276693609358e-05
3.5835045754992404e-05
3.586732454196206e-05
3.5899603281168114e-05
3.593188195829793e-05
3.5964160563023194e-05
3.5996439083378406e-05
3.6028717513668856e-05
3.606099584334568e-05
3.609327406056871e-05
3.6125552136351624e-05
3.615783004320467e-05
3.619010776404975e-05
3.62223852838519e-05
3.6254662583499964e-05
3.62869396429141e-05
3.6319216445611125e-05
3.6351492975476655e-05
3.638376921441667e-05
3.6416045144183596e-05
3.6448320747431837e-05
3.6480596007295746e-05
3.6512870905074435e-05
3.65451453970224e-05
3.6577419469507915e-05
3.660969310937864e-05
3.664196630430391e-05
3.667423904268489e-05
3.670651131335095e-05
3.673878310535757e-05
3.677105440800296e-05
3.6803325210846405e-05
3.683559550359085e-05
3.686786527591472e-05
3.690013451744024e-05
3.6932403217955544e-05
3.696467136771315e-05
3.699693895758839e-05
3.7029205978966496e-05
3.7061472423596224e-05
3.70937382835124e-05
3.71260035512838e-05
3.715826822036584e-05
3.719053228533373e-05
3.722279574213573e-05
3.725505858825641e-05
3.72873208228541e-05
3.731958244611393e-05
3.7351843458639794e-05
3.738410386191223e-05
3.7416363657728106e-05
3.744862284857121e-05
3.7480881438354475e-05
3.751313943213948e-05
3.754539683527644e-05
3.7577653653443644e-05
3.760990989170275e-05
3.7642165556197315e-05
3.767442065430253e-05
3.770667519406756e-05
3.773892918372211e-05
3.777118263090969e-05
3.7803435543449075e-05
3.7835687929640004e-05
3.786793979821619e-05
3.790019115782895e-05
3.793244201681218e-05
3.7964692383288505e-05
3.79969422654167e-05
3.802919167142891e-05
3.8061440609461074e-05
3.809368908737753e-05
3.812593711271987e-05
3.815818469280603e-05
3.819043183478833e-05
3.822267854562538e-05
3.825492483202833e-05
3.828717070042101e-05
3.831941615697429e-05
3.83516612076802e-05
3.838390585839227e-05
3.841615011484862e-05
3.8448393982687195e-05
3.848063746747585e-05
3.8512880574760685e-05
3.854512331010554e-05
3.857736567903452e-05
3.8609607687307615e-05
3.864184934053346e-05
3.867409064405694e-05
3.870633160313934e-05
3.873857222319877e-05
3.877081250992279e-05
3.880305246928768e-05
3.8835292107547504e-05
3.886753143121342e-05
3.889977044702009e-05
3.8932009161883104e-05
3.896424758285139e-05
3.899648571705658e-05
3.902872357166345e-05
3.906096112989645e-05
3.9093198387826125e-05
3.9125435352726195e-05
3.915767203206401e-05
3.918990843345972e-05
3.9222144564662885e-05
3.9254380433538845e-05
3.92866160480762e-05
3.931885141641283e-05
3.935108654687328e-05
3.9383321448008855e-05
3.941555612863175e-05
3.944779059783646e-05
3.948002486542228e-05
3.951225894128197e-05
3.9544492835337976e-05
3.9576726557723045e-05
3.9608960119952785e-05
3.964119353231729e-05
3.967342680440217e-05
3.9705659945809826e-05
3.9737892966008173e-05
3.977012587478082e-05
3.9802358678115416e-05
3.9834591382263884e-05
3.9866823998325e-05
3.9899056534751854e-05
3.9931288998476545e-05
3.9963521398446354e-05
3.999575374274938e-05
4.002798603862586e-05
4.0060218292332106e-05
4.009245051033561e-05
4.0124682698883784e-05
4.015691486377072e-05
4.018914701022103e-05
4.0221379142599654e-05
4.025361126479623e-05
4.0285843380307884e-05
4.031807549229152e-05
4.035030760372964e-05
4.0382539717590655e-05
4.041477183688114e-05
4.044700396465734e-05
4.047923610406351e-05
4.051146825838325e-05
4.0543700430906676e-05
4.057593262543147e-05
4.060816484610347e-05
4.06403970962444e-05
4.067262937942342e-05
4.0704861699892507e-05
4.073709406370437e-05
4.076932647614382e-05
4.080155894180117e-05
4.083379146546413e-05
4.0866024052357794e-05
4.0898256707811536e-05
4.0930489437073955e-05
4.0962722245468305e-05
4.09949551385662e-05
4.1027188122307004e-05
4.105942120297865e-05
4.109165438712344e-05
4.112388768144395e-05
4.11561210927371e-05
4.118835462784754e-05
4.122058827437016e-05
4.1252822031243115e-05
4.1285055905946005e-05
4.1317289906013764e-05
4.134952403897499e-05
4.138175831225562e-05
4.141399273310861e-05
4.144622730854345e-05
4.147846204530129e-05
4.151069694994377e-05
4.1542932029045965e-05
4.157516728832306e-05
4.1607402732345767e-05
4.16396383651943e-05
4.167187419047564e-05
4.170411021124791e-05
4.1736346430230756e-05
4.176858284972565e-05
4.1800819471573335e-05
4.183305629697316e-05
4.18652933269311e-05
4.1897530562095935e-05
4.192976800249141e-05
4.1962005647743946e-05
4.19942434969947e-05
4.2026481548830346e-05
4.2058719801312226e-05
4.2090958252025417e-05
4.212319689814695e-05
4.2155435736531084e-05
4.218767476390125e-05
4.2219913976994785e-05
4.2252153372661476e-05
4.228439294793397e-05
4.231663270012635e-05
4.234887262691978e-05
4.238111272649468e-05
4.2413352997432624e-05
4.2445593439200806e-05
4.2477834051381305e-05
4.251007483358206e-05
4.25423157857508e-05
4.2574556907892214e-05
4.260679820052893e-05
4.263903966498027e-05
4.267128130308076e-05
4.270352311696062e-05
4.273576510877848e-05
4.276800728095245e-05
4.280024963614252e-05
4.283249217723424e-05
4.286473490735709e-05
4.289697782984128e-05
4.2929220948154306e-05
4.296146426583095e-05
4.299370778629644e-05
4.302595151280531e-05
4.3058195448378714e-05
4.309043959585433e-05
4.31226839583178e-05
4.315492853847851e-05
4.318717333839825e-05
4.32194183598539e-05
4.32516636043924e-05
4.328390907323128e-05
4.331615476711079e-05
4.334840068667216e-05
4.3380646832341915e-05
4.341289320424786e-05
4.344513980219835e-05
4.347738662567268e-05
4.350963367381046e-05
4.354188094539907e-05
4.3574128438881756e-05
4.360637615278872e-05
4.363862408503503e-05
4.367087223257968e-05
4.370312059151164e-05
4.3735369157320354e-05
4.376761792489555e-05
4.379986688857084e-05
4.383211604260212e-05
4.3864365381311096e-05
4.3896614899141785e-05
4.3928864590697176e-05
4.39611144512256e-05
4.3993364475722475e-05
4.4025614659629136e-05
4.405786499863497e-05
4.409011547978553e-05
4.412236609693819e-05
4.4154616845063205e-05
4.418686771936915e-05
4.421911871534576e-05
4.4251369828846496e-05
4.428362105610796e-05
4.431587239372913e-05
4.4348123838664966e-05
4.43803753882403e-05
4.4412627040146925e-05
4.4444878792416024e-05
4.4477130643383645e-05
4.4509382591662754e-05
4.454163463612016e-05
4.4573886775847646e-05
4.460613901012939e-05
4.463839133840919e-05
4.467064376024754e-05
4.470289627535594e-05
4.4735148883567887e-05
4.476740158454593e-05
4.479965437789435e-05
4.483190726314769e-05
4.4864160239711876e-05
4.4896413306841956e-05
4.4928666463515696e-05
4.4960919708404815e-05
4.4993173039846294e-05
4.502542645581558e-05
4.5057679945951416e-05
4.508993350308535e-05
4.512218712451893e-05
4.5154440807076254e-05
4.518669454710285e-05
4.5218948340476494e-05
4.5251202182620016e-05
4.528345606852493e-05
4.5315709992785e-05
4.534796394958484e-05
4.5380217932680856e-05
4.541247193559573e-05
4.544472595159151e-05
4.547697997365735e-05
4.550923399456364e-05
4.554148800694198e-05
4.557374200336164e-05
4.560599597635359e-05
4.5638249918522156e-05
4.567050382264049e-05
4.570275768177351e-05
4.5735011489215864e-05
4.5767265238363e-05
4.579951892339342e-05
4.583177253711363e-05
4.586402607421191e-05
4.5896279531896385e-05
4.592853290788547e-05
4.596078619880201e-05
4.59930394011944e-05
4.60252925122378e-05
4.605754552989068e-05
4.608979845289488e-05
4.6122051280743964e-05
4.6154304013529045e-05
4.618655665258579e-05
4.6218809199783634e-05
4.625106165722759e-05
4.628331402717724e-05
4.6315566312033915e-05
4.634781850884611e-05
4.6380070612167135e-05
4.641232262532325e-05
4.644457455179588e-05
4.647682639518534e-05
4.650907815924008e-05
4.654132984778926e-05
4.657358146477452e-05
4.660583301464732e-05
4.6638084501394336e-05
4.667033592826695e-05
4.670258729844136e-05
4.673483861479365e-05
4.6767089879299385e-05
4.6799341094439874e-05
4.683159226140646e-05
4.686384338061295e-05
4.689609445189093e-05
4.69283454750052e-05
4.696059644913113e-05
4.6992847372987133e-05
4.702509824504057e-05
4.705734906300211e-05
4.708959982406469e-05
4.712185052486587e-05
4.7154101161868666e-05
4.718635173127893e-05
4.72186022289455e-05
4.725085265030982e-05
4.728310299041083e-05
4.731535324393873e-05
4.734760340537495e-05
4.7379853468743495e-05
4.741210342731726e-05
4.744435327412045e-05
4.747660300244641e-05
4.7508852606198194e-05
4.754110208004105e-05
4.7573351419473226e-05
4.760560062080613e-05
4.763784968109069e-05
4.767009859804146e-05
4.770234737010572e-05
4.773459599652793e-05
4.776684447738098e-05
4.7799092813696433e-05
4.783134099674533e-05
4.786358902729633e-05
4.7895836907830494e-05
4.792808464217842e-05
4.7960332234653784e-05
4.799257968989775e-05
4.8024827012807885e-05
4.805707420846992e-05
4.808932128151194e-05
4.8121568237309666e-05
4.815381508155265e-05
4.8186061819626155e-05
4.821830845681553e-05
4.825055499848479e-05
4.828280145007058e-05
4.8315047816790384e-05
4.834729410339041e-05
4.8379540314230646e-05
4.841178645344486e-05
4.844403252496831e-05
4.847627853247904e-05
4.850852447933973e-05
4.85407703685708e-05
4.857301620184297e-05
4.860526198263852e-05
4.8637507713528156e-05
4.866975339658911e-05
4.8701999033443334e-05
4.873424462495147e-05
4.876649017070457e-05
4.879873566959325e-05
4.883098112016197e-05
4.886322652017702e-05
4.889547186705858e-05
4.892771715854916e-05
4.895996239202197e-05
4.899220756474205e-05
4.902445267368644e-05
4.905669771558255e-05
4.9088942687066166e-05
4.9121187584745845e-05
4.9153432405476105e-05
4.918567714589602e-05
4.921792180207098e-05
4.925016636985865e-05
4.928241084566111e-05
4.931465522662484e-05
4.934689951089274e-05
4.937914369790686e-05
4.9411387788654776e-05
4.944363178522704e-05
4.947587569030351e-05
4.950811950663426e-05
4.9540363237249134e-05
4.9572606885483584e-05
4.960485045483168e-05
4.963709394888982e-05
4.966933737159394e-05
4.9701580727012496e-05
4.973382401931675e-05
4.9766067253097017e-05
4.979831043265232e-05
4.983055356263493e-05
4.986279664735004e-05
4.9895039690901454e-05
4.992728269755972e-05
4.995952567195234e-05
4.999176861523992e-05
5.0024011533819914e-05
