0
0.00411
0.00822
0.01233
0.01644
0.02055
0.024659999999999998
0.028769999999999997
0.03288
0.03699
0.041100000000000005
0.04521000000000001
0.04932000000000001
0.05343000000000001
0.057540000000000015
0.06165000000000002
0.06576000000000001
0.06987000000000002
0.07398000000000002
0.07809000000000002
0.08220000000000002
0.08631000000000003
0.09042000000000003
0.09453000000000003
0.09864000000000003
0.10275000000000004
0.10686000000000004
0.11097000000000004
0.11508000000000004
0.11919000000000005
0.12330000000000005
0.12741000000000005
0.13152000000000005
0.13563000000000006
0.13974000000000006
